
[scene]
I_a = 0.20
bg_color = #2a1249
ambient_color = #7f4dff

[light_pink]
position = (25, 110, 10)
intensity = 1.1
C1 = 0.01
C2 = 0.0001
C3 = 0.00001
color = #bf2276

[light_blue]
position = (100, 10, 10)
intensity = 1
C1 = 0.01
C2 = 0.0001
C3 = 0.00001
color = #5015EE

[sphere_red]
center = (70, 65, 55)
radius = 35.0
color = #f02020
K_d = 0.9
K_s = 0.7
K_n = 25

[sphere_blue]
center = (40, 20, 90)
r = 25.0
color = #2020f0
K_a = 0.67
K_d = 0.33
K_s = 0.67

[sphere for shadows]
center = (40, 97, 25)
r = 5
color = #ffffff
K_d = 1
K_s = 0.7

[plane_floor]
point = (0, -10, 0)
normal = 0, 1, 0
color = #c6c4b8
K_a = 0.87
K_d = 0.28
K_s = 1
K_n = 1000
