
[scene]
I_a = 0.25
bg_color = #2a1249
ambient_color = #472a96

[light_pink]
x = 25
y = 110
z = 10
intensity = 1.1
C1 = 0.01
C2 = 0.0001
C3 = 0.00001
color = #bf2276

[light_blue]
x = 100
y = 10
z = 10
intensity = 1
C1 = 0.01
C2 = 0.0001
C3 = 0.00001
color = #5015EE

[sphere_red]
center_x = 70
center_y = 65
center_z = 55
radius = 35.0
color = #f02020
K_d = 0.9
K_s = 0.7

[sphere_blue]
center_x = 40
center_y = 20
center_z = 90
r = 25.0
color = #2020f0
K_a = 0.67
K_d = 0.33
K_s = 0.67

[sphere for shadows]
center_x = 40
center_y = 97
center_z = 25
r = 5
color = #ffffff
K_d = 1
K_s = 0.7
